3
100
1.0,0.990000,0.50000,0.99
1.0,0.00000,0.50000,0.0
1.0,0.98568,0.60466,0.99
1.0,0.01432,0.39534,0.0
1.0,0.95306,0.70330,0.99
1.0,0.04694,0.29670,0.0
1.0,0.90374,0.79225,0.99
1.0,0.09626,0.20775,0.0
1.0,0.83995,0.86829,0.99
1.0,0.16005,0.13171,0.0
1.0,0.76443,0.92873,0.99
1.0,0.23557,0.07127,0.0
1.0,0.68030,0.97156,0.99
1.0,0.31970,0.02844,0.0
1.0,0.59098,0.99550,0.99
1.0,0.40902,0.00450,0.0
1.0,0.50000,0.990000,0.99
1.0,0.50000,0.00000,0.0
1.0,0.41089,0.98528,0.99
1.0,0.58911,0.01472,0.0
1.0,0.32705,0.95232,0.99
1.0,0.67295,0.04768,0.0
1.0,0.25159,0.90274,0.99
1.0,0.74841,0.09726,0.0
1.0,0.18724,0.83882,0.99
1.0,0.81276,0.16118,0.0
1.0,0.13623,0.76331,0.99
1.0,0.86377,0.23669,0.0
1.0,0.10024,0.67938,0.99
1.0,0.89976,0.32062,0.0
1.0,0.08034,0.59043,0.99
1.0,0.91966,0.40957,0.0
1.0,0.07692,0.50000,0.99
1.0,0.92308,0.50000,0.0
1.0,0.08977,0.41160,0.99
1.0,0.91023,0.58840,0.0
1.0,0.11801,0.32859,0.99
1.0,0.88199,0.67141,0.0
1.0,0.16022,0.25404,0.99
1.0,0.83978,0.74596,0.0
1.0,0.21444,0.19064,0.99
1.0,0.78556,0.80936,0.0
1.0,0.27831,0.14056,0.99
1.0,0.72169,0.85944,0.0
1.0,0.34914,0.10542,0.99
1.0,0.65086,0.89458,0.0
1.0,0.42403,0.08623,0.99
1.0,0.57597,0.91377,0.0
1.0,0.50000,0.08333,0.99
1.0,0.50000,0.91667,0.0
1.0,0.57410,0.09645,0.99
1.0,0.42590,0.90355,0.0
1.0,0.64351,0.12468,0.99
1.0,0.35649,0.87532,0.0
1.0,0.70567,0.16655,0.99
1.0,0.29433,0.83345,0.0
1.0,0.75837,0.22011,0.99
1.0,0.24163,0.77989,0.0
1.0,0.79981,0.28298,0.99
1.0,0.20019,0.71702,0.0
1.0,0.82869,0.35251,0.99
1.0,0.17131,0.64749,0.0
1.0,0.84422,0.42583,0.99
1.0,0.15578,0.57417,0.0
1.0,0.84615,0.50001,0.99
1.0,0.15385,0.49999,0.0
1.0,0.83479,0.57215,0.99
1.0,0.16521,0.42785,0.0
1.0,0.81092,0.63953,0.99
1.0,0.18908,0.36047,0.0
1.0,0.77582,0.69966,0.99
1.0,0.22418,0.30034,0.0
1.0,0.73117,0.75044,0.99
1.0,0.26883,0.24956,0.0
1.0,0.67895,0.79015,0.99
1.0,0.32105,0.20985,0.0
1.0,0.62142,0.81759,0.99
1.0,0.37858,0.18241,0.0
1.0,0.56096,0.83204,0.99
1.0,0.43904,0.16796,0.0
1.0,0.49999,0.83333,0.99
1.0,0.50001,0.16667,0.0
1.0,0.44090,0.82182,0.99
1.0,0.55910,0.17818,0.0
1.0,0.38593,0.79833,0.99
1.0,0.61407,0.20167,0.0
1.0,0.33706,0.76416,0.99
1.0,0.66294,0.23584,0.0
1.0,0.29602,0.72097,0.99
1.0,0.70398,0.27903,0.0
1.0,0.26415,0.67072,0.99
1.0,0.73585,0.32928,0.0
1.0,0.24238,0.61560,0.99
1.0,0.75762,0.38440,0.0
1.0,0.23123,0.55791,0.99
1.0,0.76877,0.44209,0.0
1.0,0.23077,0.49999,0.99
1.0,0.76923,0.50001,0.0
1.0,0.24066,0.44411,0.99
1.0,0.75934,0.55589,0.0
1.0,0.26015,0.39236,0.99
1.0,0.73985,0.60764,0.0
1.0,0.28814,0.34663,0.99
1.0,0.71186,0.65337,0.0
1.0,0.32323,0.30849,0.99
1.0,0.67677,0.69151,0.0
1.0,0.36378,0.27914,0.99
1.0,0.63622,0.72086,0.0
1.0,0.40801,0.25940,0.99
1.0,0.59199,0.74060,0.0
1.0,0.45405,0.24969,0.99
1.0,0.54595,0.75031,0.0
1.0,0.50001,0.25000,0.99
1.0,0.49999,0.75000,0.0
1.0,0.54409,0.25991,0.99
1.0,0.45591,0.74009,0.0
1.0,0.58464,0.27866,0.99
1.0,0.41536,0.72134,0.0
1.0,0.62020,0.30513,0.99
1.0,0.37980,0.69487,0.0
1.0,0.64958,0.33796,0.99
1.0,0.35042,0.66204,0.0
1.0,0.67189,0.37558,0.99
1.0,0.32811,0.62442,0.0
1.0,0.68655,0.41629,0.99
1.0,0.31345,0.58371,0.0
1.0,0.69333,0.45835,0.99
1.0,0.30667,0.54165,0.0
1.0,0.69231,0.50001,0.99
1.0,0.30769,0.49999,0.0
1.0,0.68390,0.53963,0.99
1.0,0.31610,0.46037,0.0
1.0,0.66878,0.57574,0.99
1.0,0.33122,0.42426,0.0
1.0,0.64790,0.60707,0.99
1.0,0.35210,0.39293,0.0
1.0,0.62238,0.63259,0.99
1.0,0.37762,0.36741,0.0
1.0,0.59348,0.65157,0.99
1.0,0.40652,0.34843,0.0
1.0,0.56255,0.66361,0.99
1.0,0.43745,0.33639,0.0
1.0,0.53095,0.66857,0.99
1.0,0.46905,0.33143,0.0
1.0,0.49999,0.66667,0.99
1.0,0.50001,0.33333,0.0
1.0,0.47092,0.65835,0.99
1.0,0.52908,0.34165,0.0
1.0,0.44480,0.64435,0.99
1.0,0.55520,0.35565,0.0
1.0,0.42254,0.62558,0.99
1.0,0.57746,0.37442,0.0
1.0,0.40481,0.60312,0.99
1.0,0.59519,0.39688,0.0
1.0,0.39207,0.57812,0.99
1.0,0.60793,0.42188,0.0
1.0,0.38451,0.55182,0.99
1.0,0.61549,0.44818,0.0
1.0,0.38212,0.52540,0.99
1.0,0.61788,0.47460,0.0
1.0,0.38462,0.50000,0.99
1.0,0.61538,0.50000,0.0
1.0,0.39155,0.47663,0.99
1.0,0.60845,0.52337,0.0
1.0,0.40228,0.45615,0.99
1.0,0.59772,0.54385,0.0
1.0,0.41606,0.43923,0.99
1.0,0.58394,0.56077,0.0
1.0,0.43201,0.42634,0.99
1.0,0.56799,0.57366,0.0
1.0,0.44925,0.41772,0.99
1.0,0.55075,0.58228,0.0
1.0,0.46689,0.41338,0.99
1.0,0.53311,0.58662,0.0
1.0,0.48406,0.41316,0.99
1.0,0.51594,0.58684,0.0
1.0,0.50000,0.41667,0.99
1.0,0.50000,0.58333,0.0
1.0,0.51407,0.42338,0.99
1.0,0.48593,0.57662,0.0
1.0,0.52576,0.43263,0.99
1.0,0.47424,0.56737,0.0
1.0,0.53473,0.44370,0.99
1.0,0.46527,0.55630,0.0
1.0,0.54080,0.45581,0.99
1.0,0.45920,0.54419,0.0
1.0,0.54397,0.46817,0.99
1.0,0.45603,0.53183,0.0
1.0,0.54442,0.48007,0.99
1.0,0.45558,0.51993,0.0
1.0,0.54244,0.49086,0.99
1.0,0.45756,0.50914,0.0
1.0,0.53846,0.50000,0.99
1.0,0.46154,0.50000,0.0
